0 1
0 3
0 9
0 27
1 2
1 4
1 10
1 28
2 5
2 11
2 29
3 4
3 6
3 12
3 30
4 5
4 7
4 13
4 31
5 8
5 14
5 32
6 7
6 15
6 33
7 8
7 16
7 34
8 17
8 35
9 10
9 12
9 18
9 36
10 11
10 13
10 19
10 37
11 14
11 20
11 38
12 13
12 15
12 21
12 39
13 14
13 16
13 22
13 40
14 17
14 23
14 41
15 16
15 24
15 42
16 17
16 25
16 43
17 26
17 44
18 19
18 21
18 45
19 20
19 22
19 46
20 23
20 47
21 22
21 24
21 48
22 23
22 25
22 49
23 26
23 50
24 25
24 51
25 26
25 52
26 53
27 28
27 30
27 36
27 54
28 29
28 31
28 37
28 55
29 32
29 38
29 56
30 31
30 33
30 39
30 57
31 32
31 34
31 40
31 58
32 35
32 41
32 59
33 34
33 42
33 60
34 35
34 43
34 61
35 44
35 62
36 37
36 39
36 45
36 63
37 38
37 40
37 46
37 64
38 41
38 47
38 65
39 40
39 42
39 48
39 66
40 41
40 43
40 49
40 67
41 44
41 50
41 68
42 43
42 51
42 69
43 44
43 52
43 70
44 53
44 71
45 46
45 48
45 72
46 47
46 49
46 73
47 50
47 74
48 49
48 51
48 75
49 50
49 52
49 76
50 53
50 77
51 52
51 78
52 53
52 79
53 80
54 55
54 57
54 63
55 56
55 58
55 64
56 59
56 65
57 58
57 60
57 66
58 59
58 61
58 67
59 62
59 68
60 61
60 69
61 62
61 70
62 71
63 64
63 66
63 72
64 65
64 67
64 73
65 68
65 74
66 67
66 69
66 75
67 68
67 70
67 76
68 71
68 77
69 70
69 78
70 71
70 79
71 80
72 73
72 75
73 74
73 76
74 77
75 76
75 78
76 77
76 79
77 80
78 79
79 80
